process: activated-sludge-0.0116
resources:
     wastewater: 1.06383
     elec: 0.003255319
     activatedSludge: 0.06595745
     sludge: -0.06595745
     effluent: -1
     CO2: -0.0006223404
rate: 0.0116
notes: