process: anaerobicDigestion_sludge_usedOil-1796.361
resources:
     wastewater: -1
     oilUsed: -0.2345679
     effluent: 0.9621648
     water: 0.01423042
     digestate: 0.001193084
     methane: 7.408669e-05
     CO2: 3.752443e-05
     elec: -0.001002095
rate: 1796.361
notes: