process: anaerobicDigestion_sludge-0.0116
resources:
     wastewater: -1
     effluent: 0.7793534
     water: 0.01152664
     digestate: 0.0009663982
     methane: 0.001665283
     CO2: 1.519739e-05
     elec: -0.0008116965
rate: 0.0116
notes: