process: anaerobic-digester-annamox-0.149
resources:
     wastewater: -1
     heat: -0.2961026
     elec: -0.1543716
     methane: 0.09341281
     CO2: 0.08321619
     digestate: 0.7314249
rate: 0.149
notes: