process: biochemical_woodChips_ethanol-0.00783
resources:
     biomass: -2.36895
     water: -1.807496
     CO2: 1.586629
     ethanol: 0.3224513
     elec: 1
     waste: 0.07878638
rate: 0.00783
notes: