process: biochemical_woodChips_ethanol-19.543
resources:
     biomass: -2.36895
     water: -1.807496
     CO2: 1.586629
     ethanol: 0.3224513
     elec: 1
     waste: 0.07878638
rate: 19.543
notes: