process: biochemical_wheatStraw_ethanol-0.009477
resources:
     biomass: -1.268481
     water: -2.655057
     CO2: 1.319893
     ethanol: 0.2664335
     elec: 1
     waste: 0.09316277
rate: 0.009477
notes: