process: biogas-UPGRADE-methane-AwR-0.254
resources:
     elec: -0.4743552
     water: -21.37563
     biogas: -3.018974
     methane: 1
rate: 0.254
notes: