process: biogas-municipalFoodWaste-greenWaste-CNG-4.439
resources:
     elec: -0.2347826
     heat: -0.2003478
     biogas: 0.0001651913
     CNG: 0.1345217
     MSW: -1
     digestate: 0.3
rate: 4.439
notes: