process: biogas-MSW-sewage-combo-4.439
resources:
     MSW: -1
     wastewater: -1
     methane: 0.09524138
     heat: -0.576
     elec: -0.288
     CO2: 0.1453103
     digestate: 0.6
rate: 4.439
notes: