process: biogas-vegWaste-0.24
resources:
     vegWaste: -5.075884
     methane: 1
     CO2: 1.624131
     digestate: 1.522765
rate: 0.24
notes: