process: biogas-CHP-0.5
resources:
     biogas: -0.0003123362
     elec: 1
     heat: 1.032583
     CO2: 0
rate: 0.5
notes: