process: biogas-MSW-food-0.254
resources:
     foodWaste: 6.923098
     methane: -1.453851
     heat: 1.993852
     elec: 1
     CO2: -2.250007
     digestate: -2.076929
rate: 0.254
notes: