process: biomass-gasification-130
resources:
     biomass: -0.02800179
     CO2: 0.008092518
     elec: 1
     heat: 0.1814516
     ash: 0.002240143
     water: -0.46931
rate: 130
notes: