process: biomass-to-hydrogen-1.58
resources:
     wood: -31.57691
     water: -9.460287
     elec: -6.570941
     heat: 26.82495
     hydrogen: 1
     wastewater: 8.563348
     ash: 2.434328
rate: 1.58
notes: