process: CHP-steam-large_LPG-500
resources:
     LPG: -0.05375
     elec: 1
     heat: 1
     CO2: 0.15775
rate: 500500
notes: