process: CHP-reciprocatingEngine_LPG-0.005
resources:
     LPG: -0.06338235
     elec: 1
     heat: 1.308824
     CO2: 0.1855882
rate: 0.005
notes: