process: cofiring-boiler_coal-biomass-10
resources:
     coal: -0.08640035
     biomass: -0.01006873
     heat: 1.162791
     elec: 1
     water: -0.8672778
     CO2: 0.09249366
     ash: 0.09647067
rate: 10
notes: