process: combustion-sludgeRaw-0.00935
resources:
     sludge: -1.962081
     gasNatural: -0.04305109
     elec: 1
     heat: 5.069489
     water: -0.6983025
     CO2: 0.1179409
     ash: 0.1984127
rate: 0.00935
notes: