process: combustion-biomass-8.7
resources:
     biomass: -0.2666667
     elec: 1
     heat: 2.333333
     water: -0.7
     ash: 0.02666667
rate: 8.7
notes: