process: elecplant-cofiring-biomass-coal-fluidisedBed-1100
resources:
     coal: -0.88
     biomass: -0.032
     elec: 1
     heat: 1.666667
     water: -0.8666667
     CO2: 0.2096667
     ash: 0.01210667
rate: 1100
notes: