process: gasification_sludge-2.85
resources:
     sludge: -0.6880952
     heat: 0.002380952
     elec: 1
     water: -0.4761905
     slag: 0.0006904762
rate: 2.85
notes: