process: gasification-coal-biomass_elec-hydrogen-304.87
resources:
     coal: -0.120783
     biomass: -0.03019575
     elec: 1
     water: -0.4690524
     hydrogen: 0.004619841
     CO2: 0.04389167
rate: 304.87
notes: