process: gasification-waste-high-temp-0.04
resources:
     waste: -0.4141531
     heat: -7.470998
     elec: 1
     water: -5.916473
     CO2: 0.649652
rate: 0.04
notes: