process: gasification-coal-biomass_elec-422.59
resources:
     coal: -0.09338967
     biomass: -0.02334742
     elec: 1
     water: -0.0001242685
     CO2: 0.01838889
rate: 422.59
notes: