process: microalgae-biodiesel-0.00317
resources:
     algaeDry: -5.617978
     elec: -22.92135
     heat: -26.51685
     biodiesel: 1
     digestate: 1.741573
     CO2: 2.292135
     methane: 4.511236
rate: 0.00317
notes: