process: microCHP-fuelCell-methane-0.001
resources:
     methane: -0.07122544
     heat: 1.707342
     elec: 1
     CO2: 0.2024302
rate: 0.001
notes: