process: review-ethanol-fermentation-1.27
resources:
     biomass: -0.001785714
     ethanol: 1
     heat: -0.5339286
     digestate: 0.5357143
rate: 1.27
notes: