process: review-ethanol-fermentation-0.122
resources:
     biomass: -0.001785714
     ethanol: 1
     heat: -0.5339286
     digestate: 0.5357143
rate: 0.122
notes: