process: wastewater-algaeCultivation-manurePhotobioreactor-0.00000295
resources:
     manure: -242.4242
     fuel: -27.27273
     algae: 1
     CO2: -15.15152
     wastewater: -121.2121
rate: 2.95e-06
notes: