process: wastewater-algaeCultivation-openPond-4.05e-09
resources:
     water: -757.5758
     fuel: -45.45455
     algae: 1
     CO2: 0.03030303
     effluent: 378.7879
rate: 4.05e-09
notes: