process: wastewater-algaeCultivation-openPond-0.00405
resources:
     water: -757.5758
     fuel: -45.45455
     algae: 1
     CO2: 0.03030303
     effluent: 378.7879
rate: 0.00405
notes: