process: WtE-7.6
resources:
     waste: -0.2384106
     heat: -4.264901
     elec: 1
     water: -0.4701987
     CO2: 0.3708609
     ash: 0.02384106
rate: 7.6
notes:
