process: biogas-municipalFoodWaste-greenWaste-elec-4.439
resources:
     elec: 0.8514783
     heat: 1.051826
     biogas: 0.0001449304
     MSW: -1
     digestate: 0.3
rate: 4.439
notes: