process: gasification-coal_elec-500
resources:
     coal: -0.1172323
     elec: 1
     water: -0.4941042
     CO2: 0.02114444
rate: 500
notes: