process: activated-sludge-l
resources:
     wastewater: -1
     elec: -0.003255319
     sludge: 0.06595745
     water: 1
     CO2: 0.0006223404
rate:
        sum: 36.938
        wint: 36.938
        shoulder: 36.938
notes:
