process: activated-sludge-ozone-s
resources:
     wastewater: -1
     elec: -0.003255319
     ozone: -3.191489e-05
     sludge: 0.03297872
     water: 1
     CO2: 0.0006223404
rate:
        wint: 0.0116
        sum: 0.0116
        shoulder: 0.0116
notes:
