process: algae-cultivation-l
resources:
     elec: -9.785714
     water: -982.1429
     algae: 1
     CO2: -1.8
rate:
        wint: 0.00405
        sum: 0.00405
        shoulder: 0.00405
notes:
