process: anaerobicDigestion_sludge-s
resources:
     wastewater: -1
     water: 0.7905
     digestate: 0.0009663982
     methane: 0.001665283
     CO2: 1.519739e-05
     elec: -0.0008116965
rate:
        wint: 0.0116
        sum: 0.0116
        shoulder: 0.0116
notes:
