process: anaerobicDigestion_sludge_usedOil-l
resources:
     wastewater: -1
     oilUsed: -0.2345679
     water: 0.976395
     digestate: 0.001193084
     methane: 7.408669e-05
     CO2: 3.752443e-05
     elec: -0.001002095
rate:
        wint: 1796.361
        sum: 1796.361
        shoulder: 1796.361
notes:
