process: anaerobicDigestion_sludge_manure-l
resources:
     wastewater: -1
     manure: -0.4285714
     water: 1.129
     digestate: 0.001380569
     methane: 6.429109e-05
     CO2: 3.284418e-05
     elec: -0.001159566
rate:
        wint: 1796.361
        sum: 1796.361
        shoulder: 1796.361
notes:
