process: anaerobicDigestion_sludge_usedOil-s
resources:
     wastewater: -1
     oilUsed: -0.2345679
     water: 0.972
     digestate: 0.001193084
     methane: 7.408669e-05
     CO2: 3.752443e-05
     elec: -0.001002095
rate:
        wint: 0.0116
        sum: 0.0116
        shoulder: 0.0116
notes:
