process: anaerobicDigestion_sludge_manure-s
resources:
     wastewater: -1
     manure: -0.4285714
     water: 1.129
     digestate: 0.001380569
     methane: 6.429109e-05
     CO2: 3.284418e-05
     elec: -0.001159566
rate:
        wint: 0.0116
        sum: 0.0116
        shoulder: 0.0116
notes:
