process: biochemical_woodChips_ethanol-l
resources:
     biomass: -2.36895
     water: -1.807496
     CO2: 1.586629
     ethanol: 0.3224513
     elec: 1
     waste: 0.07878638
rate:
        wint: 19.543
        sum: 19.543
        shoulder: 19.543
notes:
