process: biochemical_wheatStraw_ethanol-l
resources:
     biomass: -1.268481
     water: -2.655057
     CO2: 1.319893
     ethanol: 0.2664335
     elec: 1
     waste: 0.09316277
rate:
        wint: 20.299
        sum: 20.299
        shoulder: 20.299
notes:
