process: biochemical_wheatStraw_ethanol-s
resources:
     biomass: -1.268481
     water: -2.655057
     CO2: 1.319893
     ethanol: 0.2664335
     elec: 1
     waste: 0.09316277
rate:
        wint: 0.009477
        sum: 0.009477
        shoulder: 0.009477
notes:
