process: biogas-MSW-food-l
resources:
     foodWaste: -6.923098
     methane: 1.453851
     heat: -1.993852
     elec: -1
     CO2: 2.250007
     digestate: 2.076929
rate:
        wint: 4.439
        sum: 4.439
        shoulder: 4.439
notes:
