process: biogas-municipalFoodWaste-greenWaste-CNG-s
resources:
     elec: -0.2347826
     heat: -0.2003478
     biogas: 0.0001651913
     CNG: 0.1345217
     MSW: -1
     digestate: 0.3
rate:
        wint: 0.254
        sum: 0.254
        shoulder: 0.254
notes:
