process: biogas-CHP-l
resources:
     biogas: -0.0003123362
     elec: 1
     heat: 1.032583
     CO2: 0
rate:
        wint: 300
        sum: 300
        shoulder: 300
notes:
