process: biomass_ethanol-s
resources:
     biomass: -4.157161
     ethanol: 1
     heat: -2.95057
     elec: -0.7376426
     water: -0.7338403
     wastewater: 0.7338403
rate:
        wint: 0.159
        sum: 0.159
        shoulder: 0.159
notes:
