process: biomass_biogas-biodiesel
resources:
     biomass: -2.018464
     water: -0.2112154
     wastewater: 0.2112154
     biodiesel: 1
     ethanol: 0.2434058
     heat: -5.037983
rate:
        wint: 0.158
        sum: 0.158
        shoulder: 0.158
notes:
