process: biomass-gasification-s
resources:
     biomass: -0.02800179
     CO2: 0.008092518
     elec: 1
     heat: 0.1814516
     ash: 0.002240143
     water: -0.46931
rate:
        wint: 0.14
        sum: 0.14
        shoulder: 0.14
notes:
