process: CHP-reciprocatingEngine_gasNatural-s
resources:
     gasNatural: -0.05488235
     elec: 1
     heat: 1.308824
     CO2: 0.1502941
rate:
        wint: 0.005
        sum: 0.005
        shoulder: 0.005
notes:
