process: CHP-fuelCell_hydrogen-s
resources:
     hydrogen: -0.01505376
     elec: 1
     heat: 0.4623656
     waterNonPotable: 0.2987097
rate:
        wint: 0.005
        sum: 0.005
        shoulder: 0.005
notes:
