process: CHP-reciprocatingEngine_LPG-s
resources:
     LPG: -0.06338235
     elec: 1
     heat: 1.308824
     CO2: 0.1855882
rate:
        wint: 0.005
        sum: 0.005
        shoulder: 0.005
notes:
