process: coalLooping_hydrogen-elec-l
resources:
     coal: -0.09347222
     water: -0.1393333
     elec: 1
     CO2: 0.002316667
     ash: 0.03966111
     wastewater: 0.1491694
     heat: 1.01
rate:
        wint: 450
        sum: 450
        shoulder: 450
notes:
