process: cofiring-boiler_coal-biomass-l
resources:
     coal: -0.08640035
     biomass: -0.01006873
     heat: 1.162791
     elec: 1
     water: -0.8672778
     CO2: 0.09249366
     ash: 0.09647067
rate:
        wint: 350
        sum: 350
        shoulder: 350
notes:
