process: cofiring-biomass-coal-l
resources:
     coal: -0.07714286
     biomass: -0.06857143
     elec: 1
     heat: 1.857143
     water: -0.8571429
     CO2: 0.185
     ash: 0.015
rate:
        wint: 1600
        sum: 1600
        shoulder: 1600
notes:
