process: combustion-biomass-l
resources:
     biomass: -0.2666667
     elec: 1
     heat: 2.333333
     water: -0.7
     ash: 0.02666667
rate:
        wint: 350
        sum: 350
        shoulder: 350
notes:
