process: combustion-sludgeDigested-l
resources:
     digestate: -4.644097
     gasNatural: -0.2361241
     elec: 1
     heat: 11.25781
     ash: 0.78125
     water: -40.53819
     CO2: 0.646875
rate:
        wint: 0.9474
        sum: 0.9474
        shoulder: 0.9474
notes:
