process: combustion-coal-combined-cycle-s
resources:
     coal: -0.07843137
     elec: 1
     heat: 0.9607843
     water: -0.8627451
     ash: 0.007843137
rate:
        wint: 400
        sum: 400
        shoulder: 400
notes:
