process: combustion-coal-combined-cycle-l
resources:
     coal: -0.07843137
     elec: 1
     heat: 0.9607843
     water: -0.8627451
     ash: 0.007843137
rate:
        wint: 2400
        sum: 2400
        shoulder: 2400
notes:
