process: desalination-Cu-Cl-combo-s
resources:
     heat: -0.02777778
     seawater: -2.999339
     hydrogen: 0.1102293
     water: 1
rate:
        wint: 2.3148
        sum: 2.3148
        shoulder: 2.3148
notes:
