process: district-cogen-heating
resources:
     coal: -0.06
     elec: 0.4166667
     water: -0.1956667
     heat: 1
     CO2: 0.1576667
rate:
        wint: 230
        sum: 230
        shoulder: 230
notes:
