process: elecplant_hydrogenLooping-s
resources:
     coal: -0.08534684
     elec: 1
     CO2: 0.0108106
     waterNonPotable: -0.6819619
     ash: 0.008534684
rate:
        wint: 10
        sum: 10
        shoulder: 10
notes:
