process: fuelCell_ethanol-l
resources:
     ethanol: -0.08813953
     elec: 1
     CO2: 0.1545116
rate:
        wint: 0.015
        sum: 0.015
        shoulder: 0.015
notes:
