process: gasification-coal_elec-l
resources:
     coal: -0.1172323
     elec: 1
     water: -0.4941042
     CO2: 0.02114444
rate:
        wint: 500
        sum: 500
        shoulder: 500
notes:
