process: gasification-MSW-elec-l
resources:
     MSW: -0.680828
     coke: -0.03056918
     gasNatural: -0.001992733
     slag: 0.1177832
     metal: 0.01838235
     ash: 0.02246732
     elec: 1
     water: -191.6667
rate:
        wint: 80
        sum: 80
        shoulder: 80
notes:
