process: gasification-coal-sludge_elec-l
resources:
     coal: -0.1014183
     sludge: -0.02535457
     elec: 1
     water: -0.4682672
     CO2: 0.01896944
rate:
        wint: 500
        sum: 500
        shoulder: 500
notes:
