process: gasification-coal-syngas-l
resources:
     coal: -0.08426184
     elec: 1
     water: -0.5399946
     CO2: 0.2058369
rate:
        wint: 500
        sum: 500
        shoulder: 500
notes:
