process: gasification-coal_elec-s
resources:
     coal: -0.1172323
     elec: 1
     water: -0.4941042
     CO2: 0.02114444
rate:
        wint: 400
        sum: 400
        shoulder: 400
notes:
