process: gasification_sludge-s
resources:
     sludge: -0.6880952
     heat: 0.002380952
     elec: 1
     water: -0.4761905
     slag: 0.0006904762
rate:
        wint: 0.62
        sum: 0.62
        shoulder: 0.62
notes:
