process: gasification-waste-high-temp-l
resources:
     waste: -0.4141531
     heat: -7.470998
     elec: 1
     water: -5.916473
     CO2: 0.649652
rate:
        wint: 8.62
        sum: 8.62
        shoulder: 8.62
notes:
