process: gasification-coal-syngas-s
resources:
     coal: -0.08426184
     elec: 1
     water: -0.5399946
     CO2: 0.2058369
rate:
        wint: 400
        sum: 400
        shoulder: 400
notes:
