process: gasification-waste-high-temp_steam-s
resources:
     waste: -0.296173
     heat: -5.357737
     elec: 1
     water: -0.9151414
     CO2: 0.4658902
rate:
        wint: 0.04
        sum: 0.04
        shoulder: 0.04
notes:
