process: gasification-coal-MSW_elec-s
resources:
     coal: -0.09868819
     MSW: -0.02467205
     elec: 1
     water: -0.4692166
     CO2: 0.019775
rate:
        wint: 400
        sum: 400
        shoulder: 400
notes:
