process: looping_hydrogen-elec-s
resources:
     coal: -0.2707533
     elec: 1
     water: -0.4697334
     hydrogen: 0.01676623
     ash: 0.02782137
rate:
        wint: 3.78
        sum: 3.78
        shoulder: 3.78
notes:
