process: microCHP-fuelCell-methane
resources:
     methane: -0.07122544
     heat: 1.707342
     elec: 1
     CO2: 0.2024302
rate:
        wint: 0.001
        sum: 0.001
        shoulder: 0.001
notes:
