process: microalgae-biofuels_wetExtraction-s
resources:
     algae: -5.042966
     elec: -1.803102
     heat: -17.1713
     biodiesel: 1
     CO2: 0.0141203
     methane: 0.02783717
rate:
        wint: 0.0012
        sum: 0.0012
        shoulder: 0.0012
notes:
