process: mixedRawSludge_biogas-l
resources:
     sludge: -2.409607
     biogas: 1
     heat: -6.009691
     elec: -0.3469834
     digestate: 1.54128
rate:
        wint: 1.284
        sum: 1.284
        shoulder: 1.284
notes:
