process: review-ethanol-fermentation-s
resources:
     biomass: -0.001785714
     ethanol: 1
     heat: -0.5339286
     digestate: 0.5357143
rate:
        wint: 0.122
        sum: 0.122
        shoulder: 0.122
notes:
