process: wastewater-algaeCultivation-openPond-s
resources:
     elec: -45.45455
     algae: 1
     CO2: 0.03030303
     water: -378.7879
rate:
        wint: 4.05e-09
        sum: 4.05e-09
        shoulder: 4.05e-09
notes:
