process: wastewater-algaeCultivation-openPond-l
resources:
     elec: -45.45455
     algae: 1
     CO2: 0.03030303
     water: -378.7879
rate:
        wint: 0.00405
        sum: 0.00405
        shoulder: 0.00405
notes:
